241 -0.9900 0.00001 0.100 723
242 -0.9900 0.00001 0.100 832
243 -0.9900 0.00000 0.100 692
244 -0.9900 0.00000 0.100 608
245 -0.9900 0.00234 0.100 694
246 -0.9900 0.00000 0.100 1243
247 1.0100 0.00001 0.100 1367
248 0.0100 0.00234 0.100 320
249 -0.9900 0.00003 0.100 522
250 -0.9900 0.01796 0.100 690
251 -0.9900 0.00169 0.100 564
252 -0.9900 0.00231 0.100 694
253 -0.9900 0.00001 0.100 511
254 -0.9900 0.00001 0.100 1084
255 -0.9900 0.00171 0.100 1109
256 -0.9900 0.00000 0.100 1003
257 -0.9900 0.00000 0.100 253
258 -0.9900 0.00000 0.100 498
259 -0.9900 0.00001 0.100 795
260 -0.9900 0.00000 0.100 542
261 -0.9900 0.00001 0.100 701
262 -0.9900 0.00170 0.100 1236
263 -0.9900 0.00001 0.100 109
264 -0.9900 0.00000 0.100 1351
265 -0.9900 0.01742 0.100 627
266 -0.9900 0.00000 0.100 328
267 -0.9900 0.00001 0.100 111
268 -0.9900 0.00001 0.100 329
269 -0.9900 0.00399 0.100 1062
270 -0.9900 0.00000 0.100 694
271 -0.9900 0.00001 0.100 406
272 -0.9900 0.00000 0.100 612
273 -0.9900 0.00000 0.100 324
274 1.0100 0.00001 0.100 967
275 -0.9900 0.00001 0.100 163
276 -0.9900 0.00000 0.100 424
277 1.0100 0.00000 0.100 1198
278 -0.9900 0.00001 0.100 547
279 -0.9900 0.00002 0.100 604
280 1.0100 0.01565 0.100 1236
281 1.0100 0.00001 0.100 562
282 0.0100 0.00000 0.100 332
283 -0.9900 0.00001 0.100 673
284 1.0100 0.00001 0.100 554
285 -0.9900 0.00001 0.100 614
286 -0.9900 0.00167 0.100 561
287 -0.9900 0.00001 0.100 410
288 -0.9900 0.00339 0.100 632
289 -0.9900 0.00000 0.100 734
290 -0.9900 0.00000 0.100 695
291 -0.9900 0.00000 0.100 657
292 -0.9900 0.01737 0.100 552
293 -0.9900 0.00001 0.100 690
294 -0.9900 0.00166 0.100 330
295 -0.9900 0.00000 0.100 732
296 1.0100 0.00001 0.100 928
297 0.0100 0.00000 0.100 1016
298 0.0100 0.00001 0.100 190
299 -0.9900 0.00000 0.100 548
300 -0.9900 0.00403 0.100 773
301 -0.9900 0.00403 0.100 1156
302 1.0100 0.00000 0.100 1268
303 -0.9900 0.00233 0.100 1254
304 -0.9900 0.00001 0.100 228
305 -0.9900 0.00000 0.100 529
306 -0.9900 0.00002 0.100 548
307 -0.9900 0.00000 0.100 160
308 -0.9900 0.00165 0.100 936
309 -0.9900 0.00233 0.100 633
310 -0.9900 0.00000 0.100 639
311 -0.9900 0.00000 0.100 940
312 -0.9900 0.00001 0.100 400
313 -0.9900 0.00168 0.100 648
314 -0.9900 0.00004 0.100 526
315 -0.9900 0.00000 0.100 762
316 -0.9900 0.00000 0.100 150
317 -0.9900 0.00000 0.100 1117
318 -0.9900 0.00001 0.100 174
319 -0.9900 0.00166 0.100 741
320 -0.9900 0.00000 0.100 809
321 -0.9900 0.00001 0.100 634
322 -0.9900 0.00168 0.100 394
323 -0.9900 0.00001 0.100 654
324 0.0100 0.00002 0.100 1017
325 -0.9900 0.00001 0.100 307
326 -0.9900 0.00000 0.100 685
327 -0.9900 0.00001 0.100 133
328 -0.9900 0.00001 0.100 2006
329 -0.9900 0.00000 0.100 393
330 -0.9900 0.00000 0.100 412
331 -0.9900 0.00000 0.100 1288
332 0.0100 0.00000 0.100 1338
333 -0.9900 0.00001 0.100 1705
334 -0.9900 0.00001 0.100 840
335 -0.9900 0.00000 0.100 788
336 -0.9900 0.00000 0.100 697
337 -0.9900 0.00167 0.100 831
338 -0.9900 0.01564 0.100 666
339 -0.9900 0.00001 0.100 1215
340 -0.9900 0.00001 0.100 828
341 -0.9900 0.00000 0.100 99
342 -0.9900 0.00170 0.100 1046
343 -0.9900 0.00000 0.100 365
344 -0.9900 0.00000 0.100 404
345 -0.9900 0.00000 0.100 669
346 -0.9900 0.00001 0.100 858
347 0.0100 0.01561 0.100 634
348 0.0100 0.00001 0.100 1048
349 -0.9900 0.00000 0.100 1382
350 1.0100 0.00000 0.100 1343
351 -0.9900 0.00000 0.100 820
352 -0.9900 0.00170 0.100 184
353 -0.9900 0.00001 0.100 834
354 -0.9900 0.00000 0.100 653
355 -0.9900 0.00002 0.100 480
356 -0.9900 0.00000 0.100 697
357 0.0100 0.00001 0.100 1360
358 -0.9900 0.00001 0.100 388
359 -0.9900 0.00001 0.100 455
360 -0.9900 0.00001 0.100 836
361 -0.9900 0.00233 0.100 544
362 -0.9900 0.00001 0.100 491
363 -0.9900 0.00001 0.100 836
364 -0.9900 0.00001 0.100 1378
365 1.0100 0.00001 0.100 553
366 -0.9900 0.00000 0.100 878
367 -0.9900 0.00000 0.100 390
368 -0.9900 0.00001 0.100 694
369 -0.9900 0.00000 0.100 409
370 -0.9900 0.00001 0.100 982
371 -0.9900 0.00000 0.100 563
372 -0.9900 0.00234 0.100 551
373 1.0100 0.00001 0.100 914
374 -0.9900 0.00001 0.100 1508
375 0.0100 0.00000 0.100 1344
376 -0.9900 0.00000 0.100 393
377 -0.9900 0.00000 0.100 132
378 -0.9900 0.00232 0.100 134
379 -0.9900 0.00168 0.100 723
380 -0.9900 0.00171 0.100 1224
381 -0.9900 0.00000 0.100 412
382 0.0100 0.00000 0.100 1070
383 -0.9900 0.00000 0.100 517
384 -0.9900 0.00001 0.100 1103
385 -0.9900 0.00000 0.100 161
386 -0.9900 0.00000 0.100 456
387 -0.9900 0.00000 0.100 411
388 -0.9900 0.00000 0.100 696
389 -0.9900 0.00000 0.100 797
390 -0.9900 0.00000 0.100 775
391 -0.9900 0.00001 0.100 768
392 -0.9900 0.00000 0.100 783
393 -0.9900 0.00002 0.100 413
394 -0.9900 0.00001 0.100 1018
395 -0.9900 0.00464 0.100 1423
396 -0.9900 0.00001 0.100 705
397 -0.9900 0.00001 0.100 1197
398 -0.9900 0.00000 0.100 1008
399 -0.9900 0.00000 0.100 1057
400 -0.9900 0.00170 0.100 414
401 -0.9900 0.00002 0.100 495
402 -0.9900 0.00170 0.100 685
403 -0.9900 0.00000 0.100 177
404 -0.9900 0.00170 0.100 884
405 0.0100 0.00000 0.100 373
406 -0.9900 0.00000 0.100 648
407 -0.9900 0.00002 0.100 705
408 1.0100 0.00169 0.100 1042
409 -0.9900 0.00001 0.100 974
410 -0.9900 0.00001 0.100 663
411 -0.9900 0.00000 0.100 400
412 -0.9900 0.00000 0.100 534
413 -0.9900 0.00235 0.100 131
414 -0.9900 0.00000 0.100 659
415 -0.9900 0.00168 0.100 555
416 -0.9900 0.00003 0.100 1122
417 -0.9900 0.00000 0.100 704
418 -0.9900 0.00000 0.100 347
419 1.0100 0.00000 0.100 324
420 0.0100 0.00234 0.100 1275
421 1.0100 0.00233 0.100 1113
422 -0.9900 0.00000 0.100 689
423 -0.9900 0.00000 0.100 726
424 -0.9900 0.00001 0.100 518
425 -0.9900 0.00001 0.100 1368
426 -0.9900 0.00000 0.100 873
427 -0.9900 0.00001 0.100 985
428 1.0100 0.00000 0.100 400
429 -0.9900 0.00168 0.100 177
430 -0.9900 0.00000 0.100 591
431 -0.9900 0.00402 0.100 679
432 1.0100 0.01568 0.100 480
433 -0.9900 0.00001 0.100 165
434 -0.9900 0.00001 0.100 390
435 -0.9900 0.00000 0.100 599
436 -0.9900 0.00233 0.100 620
437 1.0100 0.00168 0.100 932
438 -0.9900 0.00001 0.100 982
439 -0.9900 0.00000 0.100 158
440 -0.9900 0.00000 0.100 812
441 -0.9900 0.00169 0.100 180
442 0.0100 0.00001 0.100 900
443 -0.9900 0.00005 0.100 334
444 1.0100 0.00000 0.100 323
445 -0.9900 0.00000 0.100 137
446 -0.9900 0.00171 0.100 736
447 -0.9900 0.00000 0.100 719
448 -0.9900 0.00635 0.100 815
449 -0.9900 0.00001 0.100 1089
450 -0.9900 0.00000 0.100 123
